2999 4705 867 4405 4797
1764 3117 336 1391 838 1176 3528 3807 1516 27 1341 434 3954 4306 2046 2696
4712 2897 761 1735 1395 2650 4762 3192 1249 443 2865 2599 181 664 2649
206 2566 3395 711 3726 1247 4773 4587 2295
4080 3235 2431 1811 2489 1879 926 2935 4213 3754 246
14 234 530 758 1325 1054 8 48 348 1023 2139 3608 473 1836 1646 2449 2186 3717
4358 3076 128 3614 1546 645 1372 1959 3546 2147 2397
53 849 4352 4049 3121 2536 3320 4532 3815 1382
3743 819 1422 4957 817
2547 3638 4197 4228 1263 226 1176 2131 2762 2875
